0.704755992151468
0.7702905111005827
0.8931618373710344
1.3406823044010674
1.2059826464418861
1.2675358230469096
1.1156175628382647
0.8703050439010842
0.7442227455673327
0.3681609224807739
-0.08539320011647894
-0.4402192975592809
-0.7537983916121759
-0.6275412002874545
-0.5800036858329254
-0.9433340695294222
-0.6597822355065535
-0.3306201494767569
-0.09799872824403666
0.18581967064651425
0.7820082257337392
0.9999470964328834
1.2806623964804653
1.308895904766336
1.1545453129299768
1.3849196246052673
0.9114999767023931
0.8069677631682661
0.7751081295991948
0.4569275278128524
-0.17472282585586169
-0.0909256952620558
-0.577111824821483
-0.7711678744500785
-0.9915899176091398
-0.9164902637075071
-0.7276814119079336
-0.28018093331951777
-0.2605773996621674
0.3071641834874729
0.7975057441592868
0.8237530865066145
0.8902418557486519
1.449682600896703
1.4031712779801362
1.0963581171189425
1.1014795283829502
0.9091768737485012
0.38971674108610604
0.08678802158813093
-0.2509929896525264
-0.424243803393401
-0.31785432216598053
-0.7639301519539707
-0.670997695611963
-0.5806871704866657
-0.41392386781938817
-0.29904499374289256
-0.08250023365202147
0.026871291329247635
0.6731574680474439
0.684979072270113
0.8639982820644309
1.0472763252573596
1.0085993473029653
1.095967548321521
1.1392506775128748
0.8025815248435095
0.3451031179951712
0.4878033076556114
-0.20780564354570885
-0.4009272212276742
-0.4373893966981116
-0.5278243115689291
-0.7176971083862643
-0.5266089292494206
-0.43328731606460064
-0.3036337820180782
0.055557212892968444
0.3165279201802829
0.5263143149092752
0.8504476705479845
0.9100123753688134
1.225187407452522
1.0169597249815916
1.1071847062216529
0.9692154044406383
0.7893501664305207
0.4550238515335827
0.42169305918516187
-0.2329134230822657
-0.20194955479926568
-0.5403739758749928
-0.8883453720610448
-0.5516424589943183
-0.9132901030717993
-0.3164328035154516
-0.24658652911327256
-0.26517890386940496
